22 0.04765625 0.1234375 0.0828125 0.225
14 0.1234375 0.12734375 0.071875 0.2203125
15 0.1984375 0.125 0.07734375 0.221875
16 0.2734375 0.1234375 0.0734375 0.21171875
17 0.35 0.1265625 0.07265625 0.21796875
18 0.421875 0.13125 0.07265625 0.2140625
19 0.496875 0.12734375 0.078125 0.2203125
20 0.57421875 0.12578125 0.07578125 0.21640625
21 0.64921875 0.1296875 0.06953125 0.21171875
23 0.79375 0.1265625 0.07734375 0.23125
13 0.7203125 0.13125 0.0734375 0.221875
25 0.8703125 0.128125 0.0734375 0.23359375
24 0.95078125 0.1328125 0.0828125 0.21875
48 0.0453125 0.37265625 0.07890625 0.2328125
40 0.11875 0.3671875 0.0765625 0.2296875
41 0.19765625 0.371875 0.0828125 0.225
42 0.27421875 0.375 0.07421875 0.21796875
43 0.35 0.37265625 0.07578125 0.2328125
44 0.4234375 0.3765625 0.07578125 0.21484375
45 0.49921875 0.375 0.0734375 0.23125
46 0.57109375 0.37265625 0.0703125 0.2140625
47 0.64609375 0.375 0.0734375 0.21796875
39 0.72265625 0.37578125 0.07578125 0.2203125
49 0.79453125 0.3734375 0.07109375 0.221875
51 0.86953125 0.37265625 0.078125 0.22734375
50 0.95078125 0.37734375 0.08984375 0.22265625
35 0.04375 0.62265625 0.08046875 0.22421875
27 0.1203125 0.62109375 0.07890625 0.21953125
28 0.196875 0.6234375 0.075 0.21875
29 0.26953125 0.62265625 0.0765625 0.22421875
30 0.34609375 0.62265625 0.07421875 0.2296875
31 0.41875 0.6234375 0.06953125 0.20546875
32 0.49609375 0.62109375 0.07421875 0.22734375
33 0.56953125 0.62109375 0.07109375 0.2140625
34 0.64609375 0.6171875 0.07578125 0.21875
26 0.72109375 0.61484375 0.07578125 0.22734375
36 0.796875 0.62578125 0.07578125 0.22265625
38 0.86796875 0.62265625 0.07578125 0.2109375
37 0.95 0.62265625 0.08203125 0.22421875
9 0.04921875 0.87265625 0.0796875 0.2265625
1 0.12109375 0.86640625 0.0765625 0.23359375
2 0.190625 0.8703125 0.0765625 0.22734375
3 0.26953125 0.865625 0.0765625 0.21875
4 0.34296875 0.8703125 0.078125 0.240625
5 0.415625 0.8703125 0.0640625 0.22734375
6 0.4921875 0.86796875 0.07578125 0.21796875
7 0.56484375 0.86484375 0.078125 0.2375
8 0.63828125 0.87109375 0.06796875 0.21640625
0 0.7125 0.871875 0.0796875 0.21875
10 0.79140625 0.86796875 0.0796875 0.21015625
12 0.86796875 0.865625 0.0828125 0.21875
11 0.9515625 0.865625 0.08515625 0.21875