11 0.71875 0.09140625 0.1109375 0.1578125
12 0.60859375 0.09140625 0.1015625 0.16328125
10 0.50078125 0.0875 0.10859375 0.16328125
0 0.38828125 0.08984375 0.11171875 0.1640625
7 0.1734375 0.08828125 0.11015625 0.16953125
6 0.06171875 0.08828125 0.1140625 0.16640625
8 0.2796875 0.08984375 0.0984375 0.1609375
1 0.50703125 0.25546875 0.11015625 0.15
9 0.3921875 0.2546875 0.103125 0.153125
2 0.61484375 0.2578125 0.10703125 0.15625
3 0.7203125 0.25546875 0.10234375 0.1515625
4 0.83125 0.2578125 0.11015625 0.15859375
5 0.94140625 0.259375 0.10234375 0.15859375
48 0.9421875 0.58359375 0.1109375 0.15546875
40 0.0625 0.41640625 0.11328125 0.165625
43 0.39140625 0.41875 0.10703125 0.1640625
44 0.5015625 0.42109375 0.109375 0.16484375
45 0.61328125 0.42109375 0.1078125 0.16171875
46 0.721875 0.421875 0.1078125 0.16328125
47 0.828125 0.41953125 0.10859375 0.159375
39 0.9421875 0.42109375 0.1109375 0.165625
49 0.0609375 0.2515625 0.11484375 0.1640625
51 0.17265625 0.2515625 0.11171875 0.16171875
50 0.2828125 0.253125 0.1015625 0.1640625
41 0.17421875 0.421875 0.10546875 0.16015625
42 0.28359375 0.4203125 0.10546875 0.1609375
22 0.5 0.7484375 0.1109375 0.16484375
14 0.6125 0.74765625 0.10625 0.16328125
15 0.72265625 0.7484375 0.10625 0.1625
16 0.8296875 0.7484375 0.1078125 0.16796875
17 0.94140625 0.75 0.1125 0.1671875
18 0.0609375 0.5828125 0.109375 0.1625
19 0.171875 0.58515625 0.11015625 0.16484375
20 0.28125 0.58359375 0.10703125 0.1640625
21 0.390625 0.584375 0.11171875 0.16640625
13 0.503125 0.58203125 0.10546875 0.15859375
23 0.6109375 0.58515625 0.109375 0.1578125
25 0.71953125 0.58359375 0.10859375 0.15859375
24 0.82890625 0.5828125 0.10703125 0.153125
35 0.0609375 0.91640625 0.115625 0.16328125
27 0.175 0.91484375 0.10390625 0.16640625
28 0.28203125 0.91328125 0.103125 0.1625
29 0.390625 0.9140625 0.10703125 0.1609375
30 0.50078125 0.9171875 0.10703125 0.16171875
31 0.6125 0.91640625 0.10625 0.16171875
32 0.7234375 0.91640625 0.10703125 0.159375
33 0.8296875 0.91484375 0.10546875 0.16640625
34 0.940625 0.91640625 0.11171875 0.159375
26 0.0625 0.753125 0.11328125 0.159375
36 0.17421875 0.75234375 0.103125 0.15390625
38 0.2828125 0.75078125 0.1046875 0.1578125
37 0.3921875 0.75078125 0.103125 0.1578125