48 0.06171875 0.17265625 0.084375 0.13515625
40 0.15703125 0.17109375 0.0828125 0.13515625
41 0.25546875 0.17265625 0.0875 0.1375
42 0.35 0.175 0.08359375 0.1296875
43 0.44453125 0.175 0.090625 0.13203125
44 0.06328125 0.31875 0.0875 0.1328125
45 0.15703125 0.315625 0.0828125 0.12890625
46 0.25390625 0.3171875 0.0875 0.1359375
47 0.34765625 0.3171875 0.0890625 0.13828125
39 0.44375 0.3171875 0.08203125 0.13203125
49 0.06171875 0.459375 0.08671875 0.12890625
51 0.15546875 0.46015625 0.08828125 0.13828125
50 0.253125 0.4609375 0.0859375 0.13671875
22 0.06015625 0.62265625 0.09296875 0.1328125
14 0.15546875 0.62109375 0.08359375 0.13671875
15 0.25234375 0.62421875 0.08515625 0.12734375
16 0.35 0.621875 0.084375 0.134375
17 0.44375 0.62578125 0.0859375 0.13046875
18 0.06328125 0.76796875 0.08203125 0.12890625
19 0.159375 0.76640625 0.08828125 0.13125
20 0.2546875 0.76484375 0.0890625 0.1328125
21 0.34921875 0.76640625 0.08984375 0.14140625
13 0.44453125 0.76640625 0.0875 0.128125
23 0.06328125 0.90859375 0.0875 0.1375
25 0.1578125 0.9078125 0.090625 0.1328125
24 0.25390625 0.91015625 0.0875 0.1375
9 0.55234375 0.171875 0.0890625 0.13671875
1 0.653125 0.17109375 0.08671875 0.13828125
2 0.746875 0.17109375 0.0875 0.140625
3 0.84375 0.1734375 0.09296875 0.1375
4 0.9375 0.1734375 0.084375 0.134375
5 0.55390625 0.31640625 0.0890625 0.13515625
6 0.65078125 0.3171875 0.08515625 0.1296875
7 0.74765625 0.315625 0.0875 0.13125
8 0.84140625 0.31640625 0.0859375 0.134375
0 0.93828125 0.315625 0.08671875 0.12890625
10 0.5546875 0.45859375 0.084375 0.13046875
12 0.65 0.4609375 0.0875 0.13046875
11 0.746875 0.46328125 0.0875 0.1328125
35 0.55546875 0.62265625 0.0828125 0.13203125
27 0.653125 0.62109375 0.084375 0.1375
28 0.74765625 0.62265625 0.08828125 0.134375
29 0.84296875 0.62109375 0.08828125 0.1296875
30 0.9390625 0.621875 0.08203125 0.1328125
31 0.55390625 0.7640625 0.08515625 0.1359375
32 0.65234375 0.7671875 0.08203125 0.134375
33 0.746875 0.7640625 0.08359375 0.12890625
34 0.84296875 0.76484375 0.084375 0.134375
26 0.9375 0.76640625 0.08359375 0.13203125
36 0.55625 0.91171875 0.08671875 0.1296875
38 0.65078125 0.9109375 0.08515625 0.1375
37 0.746875 0.90859375 0.08125 0.13203125