48 0.0515625 0.1390625 0.06796875 0.215625
40 0.12421875 0.14140625 0.06640625 0.21953125
41 0.19765625 0.14140625 0.0640625 0.21953125
42 0.27109375 0.1375 0.0640625 0.21875
43 0.3453125 0.1359375 0.0640625 0.21640625
44 0.41875 0.13984375 0.0640625 0.2234375
45 0.49453125 0.13671875 0.059375 0.22421875
46 0.5671875 0.1375 0.0609375 0.21875
47 0.6421875 0.14375 0.05859375 0.22421875
39 0.7140625 0.13984375 0.0671875 0.23125
49 0.78828125 0.13671875 0.06328125 0.22421875
51 0.8609375 0.13984375 0.06953125 0.23125
50 0.93671875 0.14453125 0.06328125 0.2265625
22 0.05 0.3796875 0.071875 0.2265625
14 0.125 0.37890625 0.06796875 0.23828125
15 0.2 0.37734375 0.06796875 0.228125
16 0.271875 0.37578125 0.0625 0.23125
17 0.34765625 0.3734375 0.0671875 0.2265625
18 0.41640625 0.38125 0.07109375 0.22890625
19 0.4921875 0.37578125 0.06484375 0.22578125
20 0.56875 0.3796875 0.07265625 0.2265625
21 0.6421875 0.37421875 0.06953125 0.22890625
13 0.715625 0.37421875 0.06640625 0.22890625
23 0.78671875 0.36953125 0.06328125 0.20625
25 0.86171875 0.3796875 0.075 0.2265625
24 0.93515625 0.3765625 0.0671875 0.2203125
35 0.04921875 0.615625 0.0671875 0.22109375
36 0.78828125 0.615625 0.0734375 0.234375
37 0.93984375 0.6171875 0.0625 0.23125
38 0.86328125 0.61640625 0.0703125 0.215625
27 0.121875 0.6171875 0.0703125 0.23125
28 0.19921875 0.61484375 0.07109375 0.2265625
29 0.26953125 0.61171875 0.07265625 0.2203125
30 0.34765625 0.61484375 0.071875 0.23984375
31 0.41640625 0.6109375 0.07109375 0.22578125
32 0.4921875 0.609375 0.06484375 0.22109375
33 0.56796875 0.61640625 0.06328125 0.215625
34 0.63984375 0.61015625 0.0640625 0.23671875
26 0.71796875 0.6140625 0.06796875 0.22421875
9 0.0484375 0.85546875 0.06875 0.2296875
10 0.7875 0.8515625 0.07265625 0.22890625
12 0.86484375 0.85625 0.07265625 0.22421875
11 0.9375 0.85 0.07265625 0.21875
1 0.12265625 0.8546875 0.05625 0.22265625
2 0.196875 0.8515625 0.07421875 0.22890625
3 0.271875 0.853125 0.0703125 0.22578125
4 0.34140625 0.85390625 0.07421875 0.2203125
5 0.4203125 0.85234375 0.0671875 0.2046875
6 0.49453125 0.85078125 0.0703125 0.21328125
7 0.56640625 0.8546875 0.0671875 0.228125
8 0.63984375 0.85234375 0.0640625 0.2234375
0 0.71640625 0.846875 0.0640625 0.2203125