35 0.0890625 0.23984375 0.11484375 0.26953125
27 0.2296875 0.24375 0.11171875 0.2578125
28 0.3625 0.24375 0.11484375 0.25
29 0.5 0.246875 0.11015625 0.25703125
30 0.6375 0.2453125 0.11328125 0.2609375
31 0.77421875 0.2421875 0.11484375 0.27265625
32 0.90703125 0.23828125 0.11015625 0.26640625
33 0.090625 0.70078125 0.1171875 0.24609375
34 0.2234375 0.70078125 0.12578125 0.259375
26 0.3625 0.7015625 0.11953125 0.26171875
36 0.503125 0.70078125 0.11484375 0.259375
38 0.63671875 0.703125 0.11640625 0.2578125
37 0.77421875 0.7046875 0.11484375 0.2546875